100
894 97
397 40
1000 1
387 98
446 2
1000 96
2 4
950 95
991 9
865 5
494 92
744 91
906 56
964 38
950 63
1000 4
865 23
816 86
2 95
1000 99
289 65
2 96
13 37
143 26
2 97
79 65
871 75
67 45
2 50
2 2
413 35
132 90
977 44
3 10
2 36
312 23
712 1
1000 98
108 30
81 39
109 76
279 28
226 22
453 71
239 20
758 85
915 30
808 71
440 28
565 89
289 48
270 26
728 33
2 5
2 3
924 39
2 99
500 44
125 51
1000 5
950 71
355 11
959 86
755 11
451 5
824 54
24 85
70 56
875 93
103 5
373 46
592 91
1000 97
2 98
1000 2
793 69
684 94
169 3
252 96
582 60
540 8
1000 95
838 46
439 40
2 1
1000 3
398 61
555 27
537 11
918 38
508 54
748 77
958 86
635 54
424 35
551 71
744 3
642 34
30 46
320 75
